('testbed: ', 'server')
basic features
single-combined-all-clf
             length          max         mean       median          min          std          sum          var
count   1800.000000  1800.000000  1800.000000  1800.000000  1800.000000  1800.000000  1800.000000  1800.000000
mean       0.024012     1.441611     1.375144     1.461168     0.898789     1.878455     1.065982     1.854838
std        0.053068     0.537506     0.524238     0.634697     0.530605     0.980846     0.631365     0.944945
min        0.000000     0.047829     0.004616     0.003532     0.000000     0.219579     0.000000     0.319973
max        0.339025     4.519779     3.494492     3.984527     3.159082     5.924417     2.986107     5.966496
median     0.002373     1.399840     1.405712     1.489583     0.977046     1.620063     1.212847     1.634759
combined
RandomForest
            length         max        mean      median         min         std         sum         var
count   100.000000  100.000000  100.000000  100.000000  100.000000  100.000000  100.000000  100.000000
mean      0.074899    1.112835    0.737166    0.594816    0.504723    3.446339    0.170110    3.359113
std       0.024492    0.206881    0.144044    0.138188    0.102737    0.332243    0.041658    0.332924
min       0.014596    0.637466    0.439315    0.353618    0.229279    2.570033    0.071713    2.725104
max       0.162057    1.632111    1.123144    1.104968    0.866846    4.176180    0.289420    4.289946
median    0.073408    1.102674    0.711532    0.588995    0.502327    3.421624    0.168492    3.332409
combined
ExtraTreesClassifier
            length         max        mean      median         min         std         sum         var
count   100.000000  100.000000  100.000000  100.000000  100.000000  100.000000  100.000000  100.000000
mean      0.214276    1.413083    0.986163    0.869423    0.695652    2.843188    0.316900    2.661315
std       0.040226    0.156643    0.135577    0.121232    0.093342    0.254330    0.045038    0.256221
min       0.123448    1.091154    0.725652    0.647117    0.504282    2.258025    0.209952    1.940464
max       0.339025    1.800886    1.354925    1.257524    1.017838    3.408401    0.464803    3.237872
median    0.212852    1.436650    0.981846    0.860326    0.703400    2.815806    0.311625    2.664810
combined
GradientBoostingClassifier
            length         max        mean      median         min         std         sum         var
count   100.000000  100.000000  100.000000  100.000000  100.000000  100.000000  100.000000  100.000000
mean      0.015134    0.237636    0.069101    0.058909    0.059502    4.781172    0.062978    4.715568
std       0.019382    0.119187    0.046311    0.041275    0.045401    0.503336    0.051237    0.497015
min       0.000149    0.047829    0.004616    0.003532    0.000968    3.602781    0.000174    3.557380
max       0.121442    0.794846    0.333513    0.272839    0.249052    5.924417    0.308195    5.966496
median    0.008364    0.213666    0.057314    0.049489    0.050736    4.765860    0.046009    4.725485
combined
all-clf
            length         max        mean      median         min         std         sum         var
count   300.000000  300.000000  300.000000  300.000000  300.000000  300.000000  300.000000  300.000000
mean      0.101437    0.921184    0.597476    0.507716    0.419959    3.690233    0.183329    3.578666
std       0.088565    0.525809    0.405082    0.354138    0.279893    0.894287    0.113952    0.932785
min       0.000149    0.047829    0.004616    0.003532    0.000968    2.258025    0.000174    1.940464
max       0.339025    1.800886    1.354925    1.257524    1.017838    5.924417    0.464803    5.966496
median    0.076323    1.096575    0.711532    0.588995    0.502327    3.421624    0.176977    3.332409
---------------------------
single
RandomForest
            length         max        mean      median         min         std         sum         var
count   500.000000  500.000000  500.000000  500.000000  500.000000  500.000000  500.000000  500.000000
mean      0.005911    1.567447    1.539923    1.561294    1.106133    1.467170    1.290541    1.461581
std       0.010254    0.381714    0.334125    0.360098    0.396414    0.390316    0.454568    0.366041
min       0.000000    0.665228    0.602176    0.743145    0.192311    0.590758    0.187875    0.447655
max       0.091210    2.754000    2.527622    2.917269    2.246699    2.670741    2.476756    2.574767
median    0.001811    1.565520    1.540260    1.558322    1.121745    1.428862    1.330181    1.439174
single
ExtraTreesClassifier
            length         max        mean      median         min         std         sum         var
count   500.000000  500.000000  500.000000  500.000000  500.000000  500.000000  500.000000  500.000000
mean      0.019670    1.318725    1.451675    1.491255    1.143722    1.636680    1.297291    1.640982
std       0.028618    0.212752    0.207438    0.210112    0.202733    0.211075    0.279507    0.214022
min       0.000000    0.785188    0.846298    0.838057    0.550073    0.957137    0.505506    0.902909
max       0.196187    2.081832    2.133819    2.170847    1.794668    2.200373    2.049228    2.325947
median    0.008771    1.318891    1.429280    1.472884    1.131385    1.632967    1.304684    1.645985
single
GradientBoostingClassifier
        length         max        mean      median         min         std         sum         var
count    500.0  500.000000  500.000000  500.000000  500.000000  500.000000  500.000000  500.000000
mean       0.0    1.750917    1.600437    1.903026    0.733812    1.444450    1.139705    1.427654
std        0.0    0.628704    0.538785    0.670998    0.708185    0.634070    0.752735    0.589796
min        0.0    0.150136    0.384076    0.027029    0.000000    0.219579    0.000000    0.319973
max        0.0    4.519779    3.494492    3.984527    3.159082    3.196587    2.986107    3.031466
median     0.0    1.710293    1.525633    1.900334    0.667865    1.409006    1.300321    1.429169
single
all-clf
             length          max         mean       median          min          std          sum          var
count   1500.000000  1500.000000  1500.000000  1500.000000  1500.000000  1500.000000  1500.000000  1500.000000
mean       0.008527     1.545696     1.530678     1.651859     0.994556     1.516100     1.242512     1.510073
std        0.019380     0.475963     0.389686     0.490023     0.516912     0.454689     0.537314     0.429436
min        0.000000     0.150136     0.384076     0.027029     0.000000     0.219579     0.000000     0.319973
max        0.196187     4.519779     3.494492     3.984527     3.159082     3.196587     2.986107     3.031466
median     0.000917     1.455446     1.492365     1.582352     1.083138     1.533069     1.314123     1.535647
---------------------------
tsfresh features
combined
        X__autocorrelation__lag_6  X__autocorrelation__lag_4  X__change_quantiles__f_agg_"var"__isabs_False__qh_1.0__ql_0.4  X__agg_linear_trend__f_agg_"var"__chunk_len_50__attr_"intercept"  X__autocorrelation__lag_2  X__change_quantiles__f_agg_"var"__isabs_True__qh_1.0__ql_0.2  X__change_quantiles__f_agg_"var"__isabs_True__qh_0.8__ql_0.0  X__agg_linear_trend__f_agg_"var"__chunk_len_10__attr_"intercept"  X__agg_linear_trend__f_agg_"var"__chunk_len_5__attr_"intercept"  X__partial_autocorrelation__lag_1  X__autocorrelation__lag_1  X__change_quantiles__f_agg_"mean"__isabs_True__qh_0.8__ql_0.0  X__change_quantiles__f_agg_"mean"__isabs_True__qh_1.0__ql_0.2  X__change_quantiles__f_agg_"var"__isabs_False__qh_1.0__ql_0.2  X__change_quantiles__f_agg_"var"__isabs_False__qh_0.8__ql_0.0    X__variance  X__standard_deviation  X__change_quantiles__f_agg_"var"__isabs_True__qh_1.0__ql_0.0  X__change_quantiles__f_agg_"var"__isabs_False__qh_1.0__ql_0.0  X__change_quantiles__f_agg_"mean"__isabs_True__qh_1.0__ql_0.0  X__mean_abs_change
count                2.000000e+00               3.000000e+00                                       2.000000e+00                                                   4.000000e+00                              2.000000e+00                                       3.400000e+01                                                  3.200000e+01                                                  2.300000e+01                                                      9.000000e+00                                     4.000000e+00               4.000000e+00                                       7.000000e+01                                                   6.600000e+01                                                   8.100000e+01                                                   8.600000e+01               8.700000e+01           8.800000e+01                                       9.900000e+01                                                  9.900000e+01                                                   1.000000e+02                    1.000000e+02
mean                 4.908333e-49               2.798458e-45                                       7.193909e-53                                                   4.402680e-45                             2.967135e-127                                       7.889926e-46                                                  2.776148e-46                                                  1.091168e-45                                                      1.082066e-45                                     2.099340e-45               2.099340e-45                                       2.453630e-46                                                   2.772001e-46                                                   2.221279e-46                                                   3.007767e-46               3.904852e-46           2.927196e-46                                       4.249407e-46                                                  3.410506e-46                                                   4.206859e-46                    4.206859e-46
std                  6.941431e-49               4.769126e-45                                       1.017372e-52                                                   5.100159e-45                             4.196162e-127                                       2.571433e-45                                                  1.535589e-45                                                  2.856863e-45                                                      3.246193e-45                                     4.137418e-45               4.137418e-45                                       1.408989e-45                                                   1.542083e-45                                                   1.376630e-45                                                   1.555900e-45               1.769376e-45           1.538765e-45                                       1.826805e-45                                                  1.642652e-45                                                   1.818029e-45                    1.818029e-45
min                  2.121321e-62               1.988729e-62                                       4.413330e-78                                                  1.060300e-142                             3.112828e-158                                      3.172959e-160                                                 4.908891e-172                                                 5.286603e-174                                                     5.051663e-174                                    4.718661e-174              4.718661e-174                                      5.793821e-176                                                  5.696983e-176                                                  5.539166e-176                                                  5.355539e-176              4.922633e-176          4.922633e-176                                      4.759421e-176                                                 4.759421e-176                                                  4.759346e-176                   4.759346e-176
max                  9.816666e-49               8.305124e-45                                       1.438782e-52                                                   9.305598e-45                             5.934269e-127                                       9.738581e-45                                                  8.691780e-45                                                  8.305124e-45                                                      9.738581e-45                                     8.305124e-45               8.305124e-45                                       8.496264e-45                                                   9.519640e-45                                                   9.305598e-45                                                   8.691780e-45               8.691780e-45           8.691780e-45                                       8.305124e-45                                                  8.305124e-45                                                   8.305124e-45                    8.305124e-45
median               4.908333e-49               9.025123e-47                                       7.193909e-53                                                   4.152562e-45                             2.967135e-127                                       7.669380e-92                                                 2.286408e-109                                                  8.327873e-94                                                      6.538428e-90                                     4.611847e-47               4.611847e-47                                      7.802077e-108                                                   4.033781e-94                                                  1.552887e-107                                                  7.904747e-106              2.204674e-109          2.287822e-109                                       8.680478e-96                                                 1.397931e-105                                                   4.340239e-96                    4.340239e-96
features to extract
('features extracted: ', (744, 788))
('amount of columns: ', 21)
additional statistics how the features changes over different runs
('features in total: ', 21)
overlap over all feature sets
count     4950.000000
mean         8.080000
std          1.126502
min          3.000000
max         10.000000
median       8.000000
---
single
        X__energy_ratio_by_chunks__num_segments_10__segment_focus_9  X__change_quantiles__f_agg_"var"__isabs_False__qh_0.4__ql_0.2  X__index_mass_quantile__q_0.7  X__index_mass_quantile__q_0.8  X__index_mass_quantile__q_0.4  X__linear_trend__attr_"rvalue"   X__kurtosis  X__agg_autocorrelation__f_agg_"var"  X__change_quantiles__f_agg_"var"__isabs_True__qh_1.0__ql_0.2  X__index_mass_quantile__q_0.6  X__agg_linear_trend__f_agg_"var"__chunk_len_10__attr_"intercept"  X__change_quantiles__f_agg_"var"__isabs_True__qh_0.8__ql_0.2  X__change_quantiles__f_agg_"mean"__isabs_True__qh_0.8__ql_0.2  X__change_quantiles__f_agg_"var"__isabs_False__qh_1.0__ql_0.2  X__fft_aggregated__aggtype_"variance"  X__change_quantiles__f_agg_"var"__isabs_True__qh_0.8__ql_0.0  X__agg_linear_trend__f_agg_"var"__chunk_len_5__attr_"intercept"  X__autocorrelation__lag_8  X__count_below_mean  X__count_above_mean  X__longest_strike_below_mean  X__fft_aggregated__aggtype_"kurtosis"  X__autocorrelation__lag_6  X__agg_autocorrelation__f_agg_"median"  X__fft_aggregated__aggtype_"centroid"  X__change_quantiles__f_agg_"var"__isabs_False__qh_0.8__ql_0.2  X__autocorrelation__lag_2  X__symmetry_looking__r_0.05  X__change_quantiles__f_agg_"mean"__isabs_True__qh_0.8__ql_0.0  X__change_quantiles__f_agg_"mean"__isabs_True__qh_1.0__ql_0.2  X__ar_coefficient__k_10__coeff_0  X__autocorrelation__lag_9  X__autocorrelation__lag_1  X__autocorrelation__lag_5  X__fft_aggregated__aggtype_"skew"  X__change_quantiles__f_agg_"var"__isabs_False__qh_0.8__ql_0.0  X__change_quantiles__f_agg_"var"__isabs_False__qh_1.0__ql_0.0  X__autocorrelation__lag_3  X__autocorrelation__lag_4  X__autocorrelation__lag_7  X__agg_autocorrelation__f_agg_"mean"  X__change_quantiles__f_agg_"var"__isabs_True__qh_1.0__ql_0.0  X__partial_autocorrelation__lag_1  X__cid_ce__normalize_True  X__mean_abs_change  X__change_quantiles__f_agg_"mean"__isabs_True__qh_1.0__ql_0.0  X__cid_ce__normalize_False  X__absolute_sum_of_changes  X__ratio_beyond_r_sigma__r_0.5  X__ratio_beyond_r_sigma__r_1.5  X__longest_strike_above_mean
count                                        2.000000e+00                                                 2.000000e+00                               2.000000e+00                   2.000000e+00                   2.000000e+00                    7.000000e+00  3.000000e+00                         1.400000e+01                                       2.000000e+00                              9.000000e+00                                       1.400000e+01                                                      1.600000e+01                                                  7.600000e+01                                                   1.100000e+02                                       1.600000e+01                                       2.300000e+01                                                  2.700000e+01                             6.400000e+01         7.800000e+01         7.000000e+01                  1.560000e+02                           5.400000e+01               6.200000e+01                            1.250000e+02                           4.700000e+01                                       9.500000e+01                           8.100000e+01                 2.830000e+02                                       1.120000e+02                                                   1.490000e+02                                  4.400000e+01               6.800000e+01               8.400000e+01               7.400000e+01                       9.100000e+01                                       8.400000e+01                                                   2.500000e+02                           8.300000e+01               7.000000e+01               6.500000e+01                          1.550000e+02                                       1.530000e+02                                  1.250000e+02               1.160000e+02        2.310000e+02                                       2.780000e+02                            1.570000e+02                3.030000e+02                    3.510000e+02                    2.470000e+02                  2.570000e+02
mean                                         1.500424e-07                                                 1.498500e-07                               2.735897e-13                   1.311505e-07                   1.276211e-11                    4.783873e-10  9.670559e-12                         6.247939e-10                                       1.435975e-11                              1.224340e-09                                       2.182227e-08                                                      3.747328e-08                                                  4.516962e-09                                                   5.820511e-09                                       1.855684e-08                                       1.317051e-08                                                  5.381404e-10                             4.774995e-09         9.011891e-09         7.542262e-09                  3.511100e-09                           2.696746e-10               3.276344e-10                            2.801353e-10                           1.293931e-08                                       3.615390e-09                           1.812320e-10                 4.426874e-10                                       5.689090e-09                                                   4.278102e-09                                  7.010809e-09               3.406669e-10               3.741565e-09               1.967406e-10                       3.484070e-09                                       3.949780e-09                                                   2.619152e-09                           3.823371e-09               4.490643e-09               1.806021e-10                          2.278464e-10                                       2.263463e-09                                  2.101849e-10               2.884986e-09        1.386115e-10                                       1.266716e-09                            2.204355e-09                1.199115e-09                    5.324614e-09                    3.757268e-09                  3.235077e-09
std                                          2.075789e-07                                                 2.078511e-07                               2.206586e-15                   1.854745e-07                   1.770107e-11                    1.227525e-09  1.649751e-11                         1.220706e-09                                       2.030775e-11                              1.445756e-09                                       7.915988e-08                                                      1.012444e-07                                                  3.399719e-08                                                   3.979460e-08                                       7.420429e-08                                       6.183952e-08                                                  1.136360e-09                             3.709051e-08         4.515308e-08         4.318397e-08                  2.831567e-08                           8.407892e-10               9.170009e-10                            8.497551e-10                           6.050154e-08                                       3.042161e-08                           6.958565e-10                 3.708962e-09                                       3.944513e-08                                                   3.424917e-08                                  4.471468e-08               9.330994e-10               3.237163e-08               7.265016e-10                       3.110148e-08                                       3.235584e-08                                                   2.648532e-08                           3.256298e-08               3.545602e-08               6.959454e-10                          7.798656e-10                                       2.398749e-08                                  7.458977e-10               2.754380e-08        6.135994e-10                                       1.780511e-08                            2.368080e-08                1.705644e-08                    3.815422e-08                    3.164506e-08                  2.429297e-08
min                                          3.261965e-09                                                 2.877120e-09                               2.720294e-13                   2.651841e-13                   2.455652e-13                    3.011566e-15  3.134800e-17                         4.179959e-27                                       4.807094e-31                              4.777264e-31                                       5.172736e-33                                                      5.172736e-33                                                  5.576828e-35                                                   5.576828e-35                                       5.576828e-35                                       6.022679e-37                                                  6.022679e-37                             6.022679e-37         3.518306e-37         3.192003e-37                  1.653321e-37                           7.055017e-41               7.055017e-41                            7.055017e-41                           7.650331e-43                                       7.650331e-43                           7.650331e-43                 1.190982e-44                                       8.305124e-45                                                   8.305124e-45                                  8.305124e-45               8.305124e-45               8.305124e-45               8.305124e-45                       9.025123e-47                                       9.025123e-47                                                   9.025123e-47                           9.025123e-47               9.025123e-47               9.025123e-47                          9.025123e-47                                       9.025123e-47                                  9.025123e-47               9.025123e-47        9.024856e-47                                       9.024856e-47                            9.024856e-47                9.024322e-47                    8.592838e-47                    7.387159e-47                  1.960558e-47
max                                          2.968229e-07                                                 2.968229e-07                               2.751500e-13                   2.623008e-07                   2.527865e-11                    3.261965e-09  2.871949e-11                         2.877120e-09                                       2.871949e-11                              2.779653e-09                                       2.968229e-07                                                      2.968229e-07                                                  2.968229e-07                                                   2.968229e-07                                       2.968229e-07                                       2.968229e-07                                                  2.877120e-09                             2.968229e-07         2.797044e-07         2.623008e-07                  2.535470e-07                           2.877120e-09               2.877120e-09                            2.877120e-09                           2.968229e-07                                       2.968229e-07                           2.877120e-09                 3.593613e-08                                       2.968229e-07                                                   2.968229e-07                                  2.968229e-07               2.877120e-09               2.968229e-07               2.877120e-09                       2.968229e-07                                       2.968229e-07                                                   2.968229e-07                           2.968229e-07               2.968229e-07               2.877120e-09                          3.261965e-09                                       2.968229e-07                                  2.877120e-09               2.968229e-07        2.877120e-09                                       2.968229e-07                            2.968229e-07                2.968229e-07                    2.957852e-07                    2.926906e-07                  2.252082e-07
median                                       1.500424e-07                                                 1.498500e-07                               2.735897e-13                   1.311505e-07                   1.276211e-11                    2.871949e-11  2.921555e-13                         1.450582e-11                                       1.435975e-11                              2.710262e-11                                       3.011566e-15                                                      2.871949e-11                                                  3.011566e-15                                                   1.583838e-17                                       3.134800e-17                                       2.871949e-11                                                  3.011566e-15                             3.468544e-21         3.132148e-21         3.032063e-19                  6.515971e-18                           3.134800e-17               1.752658e-21                            3.287656e-19                           3.677118e-23                                       3.011566e-15                           3.677118e-23                 2.071744e-24                                       3.468544e-21                                                   3.287656e-19                                  1.661171e-19               3.468544e-21               3.848494e-23               1.858128e-23                       3.468544e-21                                       3.134800e-17                                                   3.468544e-21                           3.287656e-19               3.677118e-23               3.287656e-19                          3.468544e-21                                       3.468544e-21                                  3.848494e-23               3.468544e-21        3.913878e-25                                       3.677118e-23                            3.913878e-25                3.913878e-25                    3.234011e-19                    2.789976e-19                  3.240801e-21
additional statistics how the features changes over different runs
('features in total: ', 51)
overlap over all feature sets
count     124750.000000
mean           3.593034
std            1.455911
min            0.000000
max           10.000000
median         4.000000
---
runtime tsfresh
('filename: ', 'combined-light-patterns-only-runtime-tsfresh')
('testbed: ', 'server')
('light data type:', 'combined')
              10         20         30         40         50         60         70         80         90         100        110        120        130        140        150        160        170        180        190        200        210        220        230        240        250        260        270        280        290        300        310        320        330        340        350
count   10.000000  10.000000  10.000000  10.000000  10.000000  10.000000  10.000000  10.000000  10.000000  10.000000  10.000000  10.000000  10.000000  10.000000  10.000000  10.000000  10.000000  10.000000  10.000000  10.000000  10.000000  10.000000  10.000000  10.000000  10.000000  10.000000  10.000000  10.000000  10.000000  10.000000  10.000000  10.000000  10.000000  10.000000  10.000000
mean     0.215690   0.214862   0.218940   0.221271   0.314555   0.293785   0.307810   0.301836   0.302632   0.316646   0.319299   0.309693   0.315165   0.310295   0.316597   0.319496   0.317229   0.318587   0.318474   0.309620   0.318044   0.319202   0.318446   0.321003   0.313443   0.319959   0.314270   0.320083   0.318107   0.316007   0.319295   0.319819   0.317595   0.317803   0.355703
std      0.006610   0.012166   0.005120   0.033092   0.011140   0.041627   0.030589   0.030150   0.031934   0.006802   0.003703   0.014268   0.010886   0.012818   0.003888   0.009276   0.010703   0.006974   0.005108   0.014524   0.004409   0.004489   0.005441   0.008758   0.010947   0.006045   0.015675   0.004414   0.008562   0.011510   0.005356   0.004832   0.004605   0.010954   0.044624
min      0.200772   0.182530   0.210949   0.183099   0.292580   0.215585   0.221726   0.218355   0.214831   0.299194   0.314605   0.284909   0.287007   0.288080   0.309327   0.302400   0.291501   0.302293   0.307899   0.282660   0.308514   0.313597   0.307083   0.302783   0.283882   0.306023   0.283030   0.312658   0.298704   0.286206   0.309605   0.310027   0.311979   0.288036   0.314495
max      0.224915   0.224377   0.226156   0.309651   0.324003   0.325820   0.325049   0.318957   0.320648   0.323307   0.324890   0.327777   0.325864   0.323401   0.322053   0.340044   0.333208   0.326434   0.324300   0.325875   0.323985   0.325552   0.323694   0.335725   0.320488   0.328946   0.327761   0.326068   0.333371   0.327069   0.327246   0.326049   0.326051   0.324470   0.422125
median   0.217801   0.217906   0.219619   0.215511   0.318803   0.313797   0.317228   0.310709   0.314247   0.318060   0.318792   0.312420   0.317199   0.314358   0.316930   0.319702   0.318733   0.319412   0.319682   0.311842   0.318859   0.318372   0.320532   0.320421   0.317470   0.321066   0.321281   0.321352   0.319036   0.318857   0.318779   0.320979   0.316741   0.321346   0.328243
---
('filename: ', 'combined-light-patterns-runtime-tsfresh')
('testbed: ', 'server')
('light data type:', 'combined')
               10          20          30          40          50          60          70          80          90          100         110         120         130         140         150         160         170         180         190         200         210         220         230         240         250         260         270         280         290         300         310        320        330        340        350        360        370
count   100.000000  100.000000  100.000000  100.000000  100.000000  100.000000  100.000000  100.000000  100.000000  100.000000  100.000000  100.000000  100.000000  100.000000  100.000000  100.000000  100.000000  100.000000  100.000000  100.000000  100.000000  100.000000  100.000000  100.000000  100.000000  100.000000  100.000000  100.000000  100.000000  100.000000  100.000000  90.000000  82.000000  72.000000  66.000000  56.000000  49.000000
mean      1.256646    1.258195    1.235947    1.297962    1.350845    1.340438    1.345919    1.352911    1.343159    1.347447    1.345796    1.346233    1.355466    1.351952    1.341647    1.363750    1.355571    1.343031    1.351022    1.363540    1.360624    1.348111    1.350947    1.346883    1.346556    1.358480    1.351117    1.351630    1.353546    1.342765    1.354743   1.457963   1.546739   1.683063   1.745006   1.873159   1.958617
std       0.706774    0.712420    0.685636    0.711556    0.711808    0.700756    0.694437    0.704418    0.689342    0.699046    0.687253    0.693927    0.713272    0.701828    0.696471    0.711419    0.699584    0.686764    0.706669    0.721138    0.703472    0.691261    0.707171    0.692299    0.689232    0.703621    0.700289    0.699962    0.702783    0.685622    0.704116   0.659942   0.593657   0.562113   0.508051   0.479986   0.432171
min       0.183218    0.208916    0.203823    0.214789    0.256360    0.229609    0.256507    0.312056    0.306786    0.319067    0.318370    0.317666    0.320982    0.309777    0.312513    0.310709    0.315509    0.320785    0.313139    0.309823    0.320199    0.315443    0.312695    0.316289    0.316189    0.323853    0.311140    0.310487    0.309811    0.308030    0.313455   0.311953   0.440123   0.680070   0.908649   1.167106   1.348696
max       2.776069    2.782556    2.646479    2.883444    2.912328    2.837172    2.773187    2.833067    2.767696    2.842573    2.795069    2.857516    2.854044    2.865845    2.807245    2.809335    2.830321    2.774606    2.829830    2.923759    2.746180    2.751895    2.864829    2.806151    2.813660    2.841252    2.970828    2.870885    2.812528    2.857379    2.826730   2.807786   2.900671   2.922100   2.906106   2.897144   2.885756
median    1.229449    1.219308    1.225111    1.274357    1.290709    1.341893    1.348233    1.338481    1.324696    1.313496    1.340374    1.349792    1.332461    1.330917    1.329914    1.312642    1.310116    1.319767    1.329148    1.326962    1.337451    1.322607    1.319122    1.326357    1.323037    1.328175    1.328593    1.319579    1.320146    1.335038    1.307521   1.424786   1.524016   1.583306   1.677342   1.770060   1.908721
---
('filename: ', 'single-light-patterns-only-runtime-tsfresh')
('testbed: ', 'server')
('light data type:', 'single')
              10         20         30         40         50         60         70         80         90         100        110        120        130        140        150        160        170        180        190        200        210        220        230        240        250        260        270        280        290        300        310        320        330        340
count   49.000000  48.000000  50.000000  50.000000  50.000000  50.000000  50.000000  50.000000  50.000000  50.000000  50.000000  50.000000  50.000000  50.000000  50.000000  50.000000  50.000000  50.000000  50.000000  50.000000  50.000000  50.000000  50.000000  50.000000  50.000000  50.000000  30.000000  30.000000  30.000000  20.000000  20.000000  20.000000  10.000000  10.000000
mean     0.207848   0.210432   0.228369   0.248150   0.257511   0.295732   0.318485   0.340520   0.377817   0.370301   0.390082   0.394825   0.401818   0.404050   0.406397   0.398922   0.412082   0.415798   0.427800   0.431158   0.428967   0.443292   0.459069   0.461842   0.459040   0.488220   0.388527   0.376288   0.389149   0.363444   0.360243   0.362754   0.314623   0.309529
std      0.013023   0.009479   0.039237   0.048086   0.054552   0.063223   0.069310   0.070167   0.084273   0.089519   0.111205   0.095892   0.101892   0.101138   0.109733   0.114091   0.109650   0.114984   0.126164   0.147296   0.128407   0.135955   0.135902   0.136590   0.142113   0.145543   0.065444   0.047764   0.063853   0.061141   0.054170   0.053001   0.004614   0.005698
min      0.176180   0.183977   0.184137   0.183217   0.187229   0.174561   0.181588   0.198095   0.207505   0.205957   0.202128   0.207324   0.208007   0.207061   0.207208   0.181159   0.210946   0.208247   0.279270   0.201398   0.291778   0.283070   0.285535   0.210004   0.211101   0.299418   0.290348   0.306668   0.305064   0.300234   0.295136   0.303177   0.308147   0.302514
max      0.239350   0.228788   0.321417   0.336940   0.386357   0.424017   0.425150   0.424724   0.521371   0.529122   0.612435   0.618962   0.605178   0.616033   0.615432   0.625808   0.632999   0.623440   0.711237   0.724589   0.722547   0.730436   0.819566   0.715509   0.729582   0.809787   0.520833   0.421992   0.521196   0.511945   0.422204   0.419973   0.321115   0.317989
median   0.212498   0.212252   0.211894   0.217350   0.219458   0.306467   0.314928   0.317969   0.395926   0.384803   0.390290   0.393737   0.389373   0.410275   0.384632   0.395381   0.417250   0.410589   0.414248   0.414532   0.407848   0.414112   0.415528   0.415669   0.414434   0.419277   0.403360   0.402511   0.413741   0.353238   0.355820   0.358335   0.315005   0.308506
---
('filename: ', 'single-light-patterns-runtime-tsfresh')
('testbed: ', 'server')
('light data type:', 'single')
               10          20          30          40          50          60          70          80          90          100         110         120         130         140         150         160         170         180         190         200         210         220         230         240         250         260         270         280
count   500.000000  500.000000  499.000000  499.000000  498.000000  499.000000  500.000000  500.000000  500.000000  500.000000  500.000000  500.000000  500.000000  500.000000  500.000000  500.000000  500.000000  500.000000  500.000000  500.000000  500.000000  498.000000  485.000000  452.000000  432.000000  413.000000  378.000000  329.000000
mean      1.400812    1.421646    1.439345    1.449584    1.467628    1.496399    1.522321    1.537308    1.554393    1.566332    1.572128    1.578598    1.579189    1.590398    1.591100    1.592913    1.604154    1.604882    1.607766    1.609439    1.618759    1.625615    1.613853    1.558291    1.524677    1.501500    1.418758    1.324816
std       0.754196    0.770673    0.787616    0.787191    0.770727    0.791261    0.795733    0.795113    0.805468    0.808186    0.809980    0.810736    0.810936    0.819546    0.815827    0.816848    0.829249    0.830748    0.829651    0.830388    0.842435    0.845133    0.853107    0.853343    0.852044    0.865232    0.830210    0.805256
min       0.176426    0.196025    0.185855    0.187106    0.193499    0.193571    0.194897    0.197014    0.215819    0.208143    0.196908    0.277154    0.260959    0.234919    0.217737    0.291497    0.199487    0.287855    0.298654    0.244005    0.197171    0.297853    0.294432    0.293571    0.292527    0.292965    0.293073    0.285930
max       2.811804    2.878526    2.944722    3.569699    3.060048    2.977426    3.007291    2.962017    3.232339    3.120149    3.096580    3.024799    3.017990    3.119304    3.207967    3.301403    3.391652    3.528891    3.317145    3.141884    3.391500    3.263740    3.391970    3.436710    3.211129    3.630281    3.137467    3.318630
median    1.396952    1.424340    1.413609    1.439974    1.484770    1.480158    1.489480    1.515416    1.522366    1.542896    1.561307    1.555119    1.561817    1.565333    1.558401    1.561445    1.556639    1.578257    1.574667    1.558686    1.598740    1.576024    1.555272    1.463832    1.437819    1.393565    1.316774    1.230731
---
###################################
('testbed: ', 'vm')
basic features
single-combined-all-clf
             length          max         mean       median          min          std          sum          var
count   1800.000000  1800.000000  1800.000000  1800.000000  1800.000000  1800.000000  1800.000000  1800.000000
mean       0.023878     1.444819     1.385046     1.448390     0.893242     1.870562     1.053070     1.880993
std        0.052852     0.546703     0.553720     0.621447     0.534791     0.959579     0.629841     0.962314
min        0.000000     0.017188     0.005876     0.008779     0.000000     0.308260     0.000000     0.222883
max        0.329955     3.807793     6.632066     3.465426     2.839955     5.505344     2.924267     5.972095
median     0.002543     1.394697     1.419893     1.467922     0.978933     1.601682     1.194115     1.645413
combined
RandomForest
            length         max        mean      median         min         std         sum         var
count   100.000000  100.000000  100.000000  100.000000  100.000000  100.000000  100.000000  100.000000
mean      0.072420    1.116968    0.729568    0.588287    0.503211    3.436240    0.159667    3.393639
std       0.022997    0.159901    0.157341    0.146888    0.103334    0.345147    0.042766    0.409280
min       0.031636    0.824689    0.398473    0.323263    0.332752    2.766652    0.073679    2.169171
max       0.147732    1.597451    1.179589    1.040405    0.884464    4.386158    0.263552    4.232974
median    0.069103    1.106347    0.706768    0.570573    0.487854    3.385772    0.159951    3.384686
combined
ExtraTreesClassifier
            length         max        mean      median         min         std         sum         var
count   100.000000  100.000000  100.000000  100.000000  100.000000  100.000000  100.000000  100.000000
mean      0.215848    1.402114    0.955213    0.871874    0.682968    2.843934    0.310807    2.717241
std       0.036226    0.153246    0.128896    0.106683    0.086809    0.238090    0.053143    0.231005
min       0.119410    1.040607    0.640984    0.603069    0.466910    2.334364    0.186099    2.196867
max       0.329955    1.762011    1.343585    1.203681    0.898864    3.671515    0.463447    3.433973
median    0.219142    1.420042    0.962136    0.872389    0.681079    2.830013    0.306367    2.713791
combined
GradientBoostingClassifier
            length         max        mean      median         min         std         sum         var
count   100.000000  100.000000  100.000000  100.000000  100.000000  100.000000  100.000000  100.000000
mean      0.011283    0.224099    0.076175    0.064947    0.048488    4.712083    0.063894    4.799031
std       0.013386    0.108750    0.051479    0.056251    0.034475    0.427158    0.055075    0.438266
min       0.000005    0.017188    0.005876    0.008779    0.002887    3.410986    0.000451    3.911326
max       0.064622    0.512372    0.285997    0.314139    0.167619    5.505344    0.257121    5.972095
median    0.005812    0.210030    0.063830    0.047064    0.036497    4.734102    0.049150    4.786960
combined
all-clf
            length         max        mean      median         min         std         sum         var
count   300.000000  300.000000  300.000000  300.000000  300.000000  300.000000  300.000000  300.000000
mean      0.099850    0.914394    0.586985    0.508369    0.411556    3.664086    0.178123    3.636637
std       0.089690    0.522307    0.392415    0.352206    0.279208    0.853393    0.113626    0.943968
min       0.000005    0.017188    0.005876    0.008779    0.002887    2.334364    0.000451    2.169171
max       0.329955    1.762011    1.343585    1.203681    0.898864    5.505344    0.463447    5.972095
median    0.069103    1.084532    0.681415    0.570573    0.484690    3.388432    0.164596    3.388037
---------------------------
single
RandomForest
            length         max        mean      median         min         std         sum         var
count   500.000000  500.000000  500.000000  500.000000  500.000000  500.000000  500.000000  500.000000
mean      0.006294    1.540089    1.541468    1.570195    1.100631    1.471061    1.282189    1.488074
std       0.010004    0.382808    0.330050    0.354884    0.422996    0.362140    0.436579    0.378247
min       0.000000    0.520503    0.515697    0.637452    0.156798    0.675230    0.156181    0.625258
max       0.070677    2.823564    2.832190    2.728602    2.366754    2.386915    2.490482    2.517162
median    0.001984    1.512031    1.543684    1.525970    1.095853    1.453964    1.316367    1.469877
single
ExtraTreesClassifier
            length         max        mean      median         min         std         sum         var
count   500.000000  500.000000  500.000000  500.000000  500.000000  500.000000  500.000000  500.000000
mean      0.019758    1.324685    1.443471    1.478052    1.160895    1.622706    1.295660    1.654773
std       0.027968    0.223808    0.225991    0.219286    0.209654    0.215562    0.273771    0.209773
min       0.000000    0.717297    0.833939    0.750392    0.589620    0.978803    0.449350    1.033039
max       0.238109    1.963137    2.138620    2.270350    1.865836    2.365176    2.027403    2.454333
median    0.008082    1.304111    1.435609    1.465173    1.163025    1.613075    1.302928    1.656805
single
GradientBoostingClassifier
        length         max        mean      median         min         std         sum         var
count    500.0  500.000000  500.000000  500.000000  500.000000  500.000000  500.000000  500.000000
mean       0.0    1.787938    1.649035    1.860934    0.707211    1.441806    1.106330    1.446746
std        0.0    0.637786    0.610270    0.653019    0.687355    0.605041    0.763052    0.607940
min        0.0    0.242809    0.464562    0.111619    0.000000    0.308260    0.000000    0.222883
max        0.0    3.807793    6.632066    3.465426    2.839955    3.275466    2.924267    3.066034
median     0.0    1.752401    1.575459    1.860402    0.591914    1.413535    1.202913    1.410899
single
all-clf
             length          max         mean       median          min          std          sum          var
count   1500.000000  1500.000000  1500.000000  1500.000000  1500.000000  1500.000000  1500.000000  1500.000000
mean       0.008684     1.550904     1.544658     1.636394     0.989579     1.511858     1.228060     1.529864
std        0.019017     0.486534     0.429295     0.475951     0.521506     0.432756     0.538208     0.439772
min        0.000000     0.242809     0.464562     0.111619     0.000000     0.308260     0.000000     0.222883
max        0.238109     3.807793     6.632066     3.465426     2.839955     3.275466     2.924267     3.066034
median     0.000929     1.456520     1.497880     1.556249     1.089569     1.520182     1.290319     1.549106
---------------------------
tsfresh features
combined
        X__change_quantiles__f_agg_"var"__isabs_True__qh_0.8__ql_0.2  X__agg_linear_trend__f_agg_"var"__chunk_len_50__attr_"intercept"  X__change_quantiles__f_agg_"var"__isabs_False__qh_1.0__ql_0.4  X__autocorrelation__lag_6  X__autocorrelation__lag_3  X__autocorrelation__lag_1  X__partial_autocorrelation__lag_1  X__autocorrelation__lag_4  X__autocorrelation__lag_2  X__autocorrelation__lag_5  X__change_quantiles__f_agg_"var"__isabs_True__qh_1.0__ql_0.2  X__change_quantiles__f_agg_"mean"__isabs_True__qh_1.0__ql_0.2  X__change_quantiles__f_agg_"var"__isabs_True__qh_0.8__ql_0.0  X__change_quantiles__f_agg_"var"__isabs_False__qh_1.0__ql_0.2  X__change_quantiles__f_agg_"mean"__isabs_True__qh_0.8__ql_0.0  X__change_quantiles__f_agg_"var"__isabs_False__qh_0.8__ql_0.0  X__agg_linear_trend__f_agg_"var"__chunk_len_5__attr_"intercept"  X__agg_linear_trend__f_agg_"var"__chunk_len_10__attr_"intercept"    X__variance  X__standard_deviation  X__change_quantiles__f_agg_"var"__isabs_True__qh_1.0__ql_0.0  X__change_quantiles__f_agg_"var"__isabs_False__qh_1.0__ql_0.0  X__mean_abs_change  X__change_quantiles__f_agg_"mean"__isabs_True__qh_1.0__ql_0.0
count                                        2.000000e+00                                                  2.000000e+00                                                      3.000000e+00                           2.000000e+00               4.000000e+00               5.000000e+00                       5.000000e+00               3.000000e+00               6.000000e+00               3.000000e+00                                       2.600000e+01                                                  5.900000e+01                                                   3.600000e+01                                                  7.800000e+01                                                   7.100000e+01                                                   8.500000e+01                                                   1.400000e+01                                                     2.500000e+01                  8.600000e+01           8.300000e+01                                       9.900000e+01                                                  1.000000e+02                    9.900000e+01                                       1.000000e+02            
mean                                         4.203980e-45                                                  5.987700e-47                                                      3.634291e-51                           1.941041e-78               2.780835e-51               3.670664e-47                       3.650009e-47               6.214658e-63               1.537468e-47               2.518318e-90                                       3.911587e-48                                                  5.086534e-48                                                   1.646415e-47                                                  5.070850e-48                                                   1.274287e-46                                                   1.064293e-46                                                   7.542470e-50                                                     1.574524e-47                  1.030502e-46           1.070757e-46                                       9.406636e-47                                                  9.119434e-47                    9.211544e-47                                       9.119429e-47            
std                                          5.799893e-45                                                  8.466313e-47                                                      6.294777e-51                           2.745047e-78               5.561669e-51               4.979243e-47                       4.997913e-47               1.076410e-62               3.765467e-47               4.361855e-90                                       1.972663e-47                                                  2.204216e-47                                                   3.749074e-47                                                  2.192524e-47                                                   9.848186e-46                                                   9.002702e-46                                                   2.790904e-49                                                     3.681469e-47                  8.951732e-46           9.111832e-46                                       8.534693e-46                                                  8.300952e-46                    8.342683e-46                                       8.300952e-46            
min                                          1.028369e-46                                                  1.112334e-50                                                      1.864397e-62                           7.067554e-90              2.050227e-107              2.164951e-109                      2.164951e-109              1.923606e-109              1.838102e-109              2.352029e-111                                      4.634709e-172                                                 4.276349e-172                                                  5.855889e-174                                                 5.822713e-174                                                  6.267923e-176                                                  6.267923e-176                                                  5.958884e-176                                                    5.570377e-176                 5.295691e-176          5.295691e-176                                      5.207169e-176                                                 4.867617e-176                   4.840321e-176                                      4.840321e-176            
max                                          8.305124e-45                                                  1.197429e-46                                                      1.090287e-50                           3.882083e-78               1.112334e-50               9.223695e-47                       9.223695e-47               1.864397e-62               9.223695e-47               7.554954e-90                                       1.006242e-46                                                  1.074088e-46                                                   1.146486e-46                                                  1.074088e-46                                                   8.305124e-45                                                   8.305124e-45                                                   1.045043e-48                                                     1.097700e-46                  8.305124e-45           8.305124e-45                                       8.496264e-45                                                  8.305124e-45                    8.305124e-45                                       8.305124e-45            
median                                       4.203980e-45                                                  5.987700e-47                                                      1.919118e-60                           1.941041e-78               3.614326e-76               1.045043e-48                       1.229403e-50               4.139217e-78               8.348480e-61              1.976801e-109                                       1.651644e-60                                                 1.687897e-107                                                  1.831791e-107                                                 1.994857e-109                                                  1.854894e-109                                                  1.596648e-107                                                   1.771787e-76                                                     4.308076e-80                 1.560247e-107          1.709117e-109                                      1.397931e-105                                                  4.772319e-98                   1.397923e-105                                       4.772226e-98            
features to extract
('features extracted: ', (744, 788))
('amount of columns: ', 24)
additional statistics how the features changes over different runs
('features in total: ', 24)
overlap over all feature sets
count     4950.000000
mean         7.844040
std          1.245529
min          4.000000
max         10.000000
median       8.000000
---
single
        X__energy_ratio_by_chunks__num_segments_10__segment_focus_3  X__energy_ratio_by_chunks__num_segments_10__segment_focus_0  X__energy_ratio_by_chunks__num_segments_10__segment_focus_8  X__linear_trend__attr_"rvalue"  X__agg_autocorrelation__f_agg_"var"  X__index_mass_quantile__q_0.7  X__index_mass_quantile__q_0.8   X__kurtosis  X__change_quantiles__f_agg_"var"__isabs_True__qh_0.8__ql_0.0  X__change_quantiles__f_agg_"var"__isabs_True__qh_0.8__ql_0.2  X__fft_aggregated__aggtype_"variance"  X__linear_trend__attr_"pvalue"  X__index_mass_quantile__q_0.6  X__agg_linear_trend__f_agg_"var"__chunk_len_10__attr_"intercept"  X__change_quantiles__f_agg_"var"__isabs_True__qh_1.0__ql_0.2  X__change_quantiles__f_agg_"var"__isabs_False__qh_1.0__ql_0.2  X__agg_linear_trend__f_agg_"var"__chunk_len_5__attr_"intercept"  X__autocorrelation__lag_9  X__fft_aggregated__aggtype_"kurtosis"  X__change_quantiles__f_agg_"var"__isabs_False__qh_0.8__ql_0.2  X__agg_autocorrelation__f_agg_"median"  X__count_above_mean  X__count_below_mean  X__longest_strike_below_mean  X__fft_aggregated__aggtype_"centroid"  X__change_quantiles__f_agg_"var"__isabs_False__qh_0.8__ql_0.0  X__change_quantiles__f_agg_"mean"__isabs_True__qh_1.0__ql_0.2  X__partial_autocorrelation__lag_1  X__symmetry_looking__r_0.05  X__change_quantiles__f_agg_"mean"__isabs_True__qh_0.8__ql_0.0  X__change_quantiles__f_agg_"mean"__isabs_True__qh_0.8__ql_0.2  X__fft_aggregated__aggtype_"skew"  X__ar_coefficient__k_10__coeff_0  X__change_quantiles__f_agg_"var"__isabs_False__qh_1.0__ql_0.0  X__autocorrelation__lag_8  X__autocorrelation__lag_1  X__autocorrelation__lag_3  X__autocorrelation__lag_2  X__autocorrelation__lag_5  X__autocorrelation__lag_4  X__autocorrelation__lag_7  X__autocorrelation__lag_6  X__agg_autocorrelation__f_agg_"mean"  X__change_quantiles__f_agg_"var"__isabs_True__qh_1.0__ql_0.0  X__cid_ce__normalize_False  X__cid_ce__normalize_True  X__mean_abs_change  X__change_quantiles__f_agg_"mean"__isabs_True__qh_1.0__ql_0.0  X__absolute_sum_of_changes  X__ratio_beyond_r_sigma__r_0.5  X__ratio_beyond_r_sigma__r_1.5  X__longest_strike_above_mean
count                                        2.000000e+00                                                 2.000000e+00                                                 2.000000e+00                              2.000000e+00                         1.100000e+01                   3.000000e+00                   4.000000e+00  5.000000e+00                                       1.600000e+01                                                  1.500000e+01                                      1.700000e+01                    5.000000e+00                   1.300000e+01                                       2.000000e+01                                                      9.000000e+00                                                  1.220000e+02                                                   1.400000e+01                             6.400000e+01                           5.200000e+01                                       8.600000e+01                                        1.220000e+02         5.900000e+01         7.100000e+01                  1.490000e+02                           5.100000e+01                                       8.500000e+01                                                   1.300000e+02                                   1.140000e+02                 2.800000e+02                                       1.180000e+02                                                   9.100000e+01                                   7.900000e+01                      3.200000e+01                                       2.330000e+02                           8.200000e+01               9.600000e+01               8.600000e+01               8.800000e+01               8.500000e+01               7.800000e+01               6.100000e+01               7.100000e+01                          1.700000e+02                                       1.640000e+02                           1.600000e+02               1.300000e+02        2.260000e+02                                       2.660000e+02                            2.900000e+02                    3.630000e+02                    2.370000e+02                  2.650000e+02
mean                                         1.498500e-07                                                 1.498500e-07                                                 1.498500e-07                              1.438706e-09                         5.309727e-10                   8.863084e-10                   1.413132e-07  5.869118e-10                                       5.484352e-10                                                  7.749104e-10                                      5.094511e-10                    1.148840e-11                   1.062762e-09                                       3.011675e-08                                                      6.628671e-08                                                  3.587071e-10                                                   2.116838e-10                             2.737917e-10                           2.268795e-10                                       3.859574e-09                                        7.774619e-09         1.848197e-08         2.069893e-08                  3.852452e-09                           2.279550e-10                                       7.329318e-09                                                   1.821506e-10                                   5.487073e-09                 4.598193e-10                                       5.327390e-09                                                   3.677877e-09                                   4.052271e-09                      9.457368e-09                                       2.761465e-09                           3.550997e-10               6.264776e-11               3.521035e-09               1.670761e-10               1.384657e-10               2.235488e-10               1.924593e-10               8.391433e-11                          3.849833e-09                                       1.988497e-09                           2.036775e-09               2.469924e-10        4.082451e-09                                       1.292067e-09                            3.270986e-09                    4.314968e-09                    5.133935e-09                  3.550599e-09
std                                          2.078511e-07                                                 2.078511e-07                                                 2.078511e-07                              2.034224e-09                         1.160037e-09                   1.534907e-09                   1.618781e-07  1.280346e-09                                       1.155424e-09                                                  1.312230e-09                                      1.129770e-09                    1.572976e-11                   1.390233e-09                                       9.121754e-08                                                      1.307051e-07                                                  9.468816e-10                                                   7.672605e-10                             8.439963e-10                           7.726052e-10                                       3.197832e-08                                        4.609574e-08         6.847608e-08         6.863807e-08                  3.128944e-08                           7.805695e-10                                       4.521436e-08                                                   6.928666e-10                                   3.911255e-08                 3.736229e-09                                       3.844833e-08                                                   3.108779e-08                                   3.337296e-08                      5.244299e-08                                       2.743108e-08                           9.457392e-10               4.127735e-10               3.200261e-08               6.690334e-10               6.122656e-10               7.710162e-10               7.171517e-10               4.790087e-10                          3.207443e-08                                       2.317421e-08                           2.346185e-08               8.027980e-10        3.403501e-08                                       1.820141e-08                            3.007340e-08                    3.417526e-08                    3.756323e-08                  2.373815e-08
min                                          2.877120e-09                                                 2.877120e-09                                                 2.877120e-09                              2.921555e-13                         3.134800e-17                   2.987895e-19                   3.150701e-23  4.477001e-29                                       4.477001e-29                                                  4.477001e-29                                      4.477001e-29                    5.493677e-31                   4.734248e-31                                       5.172736e-33                                                      5.172736e-33                                                  5.576828e-35                                                   5.576828e-35                             5.576828e-35                           6.022679e-37                                       6.022679e-37                                        6.022679e-37         3.822627e-37         3.346641e-37                  1.743627e-37                           7.055017e-41                                       7.055017e-41                                                   8.305124e-45                                   8.305124e-45                 2.085709e-46                                       9.025123e-47                                                   9.025123e-47                                   9.025123e-47                      9.025123e-47                                       9.025123e-47                           9.025123e-47               9.025123e-47               9.025123e-47               9.025123e-47               9.025123e-47               9.025123e-47               9.025123e-47               9.025123e-47                          9.025123e-47                                       9.025123e-47                           9.025123e-47               9.025123e-47        9.024322e-47                                       9.024322e-47                            9.022455e-47                    8.720388e-47                    6.278227e-47                  1.627210e-47
max                                          2.968229e-07                                                 2.968229e-07                                                 2.968229e-07                              2.877120e-09                         2.877120e-09                   2.658667e-09                   2.895227e-07  2.877120e-09                                       2.877120e-09                                                  2.877120e-09                                      2.877120e-09                    2.871949e-11                   2.790641e-09                                       2.968229e-07                                                      2.968229e-07                                                  2.877120e-09                                                   2.877120e-09                             2.877120e-09                           2.877120e-09                                       2.968229e-07                                        2.968229e-07         2.756726e-07         2.822142e-07                  2.814317e-07                           2.877120e-09                                       2.968229e-07                                                   2.877120e-09                                   2.968229e-07                 3.593613e-08                                       2.968229e-07                                                   2.968229e-07                                   2.968229e-07                      2.968229e-07                                       2.968229e-07                           2.877120e-09               2.877120e-09               2.968229e-07               2.877120e-09               2.877120e-09               2.877120e-09               2.877120e-09               2.877120e-09                          2.968229e-07                                       2.968229e-07                           2.968229e-07               2.877120e-09        2.968229e-07                                       2.968229e-07                            2.968229e-07                    2.947506e-07                    2.942344e-07                  2.138965e-07
median                                       1.498500e-07                                                 1.498500e-07                                                 1.498500e-07                              1.438706e-09                         2.921555e-13                   2.584441e-13                   1.378651e-07  2.871949e-11                                       1.436125e-11                                                  2.871949e-11                                      3.134800e-17                    3.011566e-15                   2.767277e-11                                       3.011566e-15                                                      2.871949e-11                                                  3.287656e-19                                                   1.583838e-17                             3.287656e-19                           3.134800e-17                                       3.134800e-17                                        3.011566e-15         2.479641e-17         2.313781e-17                  1.343929e-17                           3.134800e-17                                       3.287656e-19                                                   3.468544e-21                                   3.677118e-23                 2.071744e-24                                       3.468544e-21                                                   3.134800e-17                                   3.134800e-17                      1.752658e-21                                       3.677118e-23                           3.287656e-19               3.913878e-25               3.913878e-25               3.677118e-23               3.677118e-23               3.677118e-23               3.287656e-19               3.468544e-21                          3.287656e-19                                       3.677118e-23                           3.677118e-23               3.468544e-21        1.980894e-25                                       3.676642e-23                            3.676642e-23                    3.235263e-19                    2.783657e-19                  1.447668e-19
additional statistics how the features changes over different runs
('features in total: ', 52)
overlap over all feature sets
count     124750.000000
mean           3.562894
std            1.443376
min            0.000000
max           10.000000
median         4.000000
---
runtime tsfresh
('filename: ', 'combined-light-patterns-only-runtime-tsfresh')
('testbed: ', 'vm')
('light data type:', 'combined')
              10         20         30         40         50         60         70         80         90         100        110        120        130        140        150        160        170        180        190        200        210        220        230        240        250        260        270        280        290        300        310        320        330        340        350        360        370
count   10.000000  10.000000  10.000000  10.000000  10.000000  10.000000  10.000000  10.000000  10.000000  10.000000  10.000000  10.000000  10.000000  10.000000  10.000000  10.000000  10.000000  10.000000  10.000000  10.000000  10.000000  10.000000  10.000000  10.000000  10.000000  10.000000  10.000000  10.000000  10.000000  10.000000  10.000000  10.000000  10.000000  10.000000  10.000000  10.000000  10.000000
mean     0.133026   0.135450   0.133877   0.154292   0.236816   0.235957   0.226086   0.236668   0.236258   0.236510   0.237252   0.237459   0.237941   0.238366   0.236585   0.239878   0.238047   0.243355   0.236312   0.236520   0.237263   0.239059   0.236778   0.236830   0.233806   0.234039   0.233534   0.234613   0.237003   0.246282   0.244609   0.235396   0.237881   0.236652   0.228119   0.250400   0.288299
std      0.001820   0.002058   0.003064   0.040576   0.002031   0.001738   0.031352   0.002086   0.003682   0.002825   0.002710   0.005172   0.001357   0.003620   0.001234   0.006138   0.002125   0.023563   0.001758   0.005242   0.002677   0.007013   0.001159   0.007531   0.004644   0.003776   0.003342   0.004291   0.002470   0.031655   0.034179   0.005195   0.007883   0.002389   0.005112   0.046950   0.050101
min      0.130868   0.132687   0.127881   0.132419   0.234754   0.234329   0.137029   0.234198   0.233011   0.230656   0.234629   0.232663   0.236107   0.236293   0.234879   0.234963   0.235621   0.231898   0.232211   0.225560   0.230868   0.232850   0.235066   0.226955   0.225426   0.225807   0.228241   0.226775   0.233906   0.231303   0.224982   0.223124   0.232514   0.232000   0.222020   0.221291   0.228656
max      0.136116   0.138579   0.137920   0.233920   0.241750   0.240209   0.240723   0.241728   0.246147   0.240142   0.243186   0.251544   0.240674   0.248571   0.238799   0.257001   0.243128   0.310268   0.238072   0.246548   0.239685   0.258410   0.238890   0.256346   0.237821   0.237937   0.238931   0.241398   0.241445   0.336086   0.341139   0.239652   0.259755   0.240484   0.235412   0.339029   0.340424
median   0.133181   0.134821   0.135030   0.135484   0.236377   0.235494   0.235621   0.236062   0.235039   0.236941   0.236099   0.236408   0.237734   0.237515   0.236712   0.238307   0.237823   0.236531   0.236508   0.237273   0.238321   0.237865   0.236789   0.235495   0.235440   0.234290   0.234145   0.234788   0.236788   0.237002   0.235336   0.236990   0.235992   0.236928   0.226619   0.231159   0.307415
---
('filename: ', 'combined-light-patterns-runtime-tsfresh')
('testbed: ', 'vm')
('light data type:', 'combined')
              10          20          30          40         50         60         70         80         90         100        110        120        130        140        150         160         170        180         190        200         210        220         230         240        250         260        270        280         290         300        310        320        330        340        350        360        370
count   99.000000  100.000000  100.000000  100.000000  98.000000  98.000000  98.000000  99.000000  99.000000  99.000000  99.000000  99.000000  98.000000  99.000000  99.000000  100.000000  100.000000  99.000000  100.000000  99.000000  100.000000  99.000000  100.000000  100.000000  99.000000  100.000000  99.000000  99.000000  100.000000  100.000000  99.000000  92.000000  78.000000  71.000000  68.000000  57.000000  47.000000
mean     0.206061    0.208268    0.214538    0.276443   0.307304   0.308378   0.306982   0.306068   0.307758   0.312008   0.313472   0.307614   0.308873   0.319102   0.318966    0.323293    0.321542   0.321296    0.330723   0.319746    0.327281   0.331448    0.335078    0.324131   0.326475    0.332289   0.332224   0.327243    0.337228    0.335017   0.334194   0.353774   0.363244   0.376756   0.381279   0.400614   0.406949
std      0.041575    0.043825    0.057666    0.072186   0.046648   0.041318   0.048157   0.041291   0.042992   0.051036   0.052685   0.042511   0.049409   0.067602   0.061852    0.071184    0.066367   0.067964    0.078396   0.068993    0.074247   0.078380    0.080851    0.072331   0.075042    0.081730   0.075401   0.076055    0.078944    0.080553   0.077636   0.077893   0.074271   0.077897   0.073275   0.069302   0.072905
min      0.136791    0.131632    0.136004    0.130009   0.170763   0.240077   0.140064   0.240191   0.233714   0.237552   0.237804   0.232091   0.230449   0.236655   0.232608    0.233532    0.237037   0.239951    0.234383   0.233950    0.235968   0.240273    0.236548    0.233604   0.236306    0.237999   0.235697   0.236490    0.235981    0.236162   0.233026   0.237807   0.256164   0.256577   0.258942   0.252844   0.293453
max      0.280153    0.297067    0.379928    0.404243   0.396610   0.383600   0.404928   0.386475   0.418083   0.479413   0.488235   0.394619   0.468010   0.569663   0.483417    0.527316    0.482490   0.493449    0.490797   0.501881    0.487945   0.566083    0.557027    0.485423   0.567731    0.539250   0.496766   0.594767    0.522765    0.537371   0.501141   0.481779   0.533116   0.552802   0.501737   0.566127   0.574273
median   0.205265    0.208497    0.202236    0.280622   0.304782   0.307479   0.310415   0.305058   0.310004   0.306892   0.311358   0.309510   0.302334   0.306336   0.312778    0.302640    0.310611   0.300374    0.297421   0.301101    0.301116   0.305314    0.304332    0.306423   0.305157    0.295884   0.308005   0.304431    0.307518    0.307490   0.309403   0.330733   0.352417   0.389479   0.395302   0.419828   0.432885
---
('filename: ', 'single-light-patterns-only-runtime-tsfresh')
('testbed: ', 'vm')
('light data type:', 'single')
              10         20         30         40         50         60         70         80         90         100        110        120        130        140        150        160        170        180        190        200        210        220        230        240        250        260        270        280        290        300        310        320        330        340
count   48.000000  49.000000  50.000000  50.000000  50.000000  50.000000  50.000000  50.000000  49.000000  50.000000  50.000000  50.000000  50.000000  49.000000  49.000000  50.000000  50.000000  50.000000  50.000000  50.000000  50.000000  50.000000  50.000000  50.000000  50.000000  50.000000  50.000000  30.000000  30.000000  30.000000  20.000000  10.000000  10.000000  10.000000
mean     0.138594   0.138555   0.178464   0.182312   0.213305   0.219842   0.265630   0.277139   0.273993   0.295339   0.294037   0.297982   0.296475   0.312649   0.318790   0.315013   0.312691   0.339882   0.339884   0.349310   0.355367   0.358518   0.350208   0.361128   0.359467   0.371001   0.374093   0.305243   0.307069   0.306493   0.289692   0.240665   0.241318   0.239264
std      0.003034   0.002389   0.050447   0.050786   0.044230   0.039778   0.045187   0.049458   0.048864   0.052324   0.052561   0.050849   0.054674   0.045717   0.050661   0.056039   0.067064   0.069903   0.070193   0.077736   0.081313   0.078936   0.076681   0.080673   0.082552   0.092042   0.087963   0.050910   0.048418   0.049450   0.050244   0.002530   0.004783   0.004040
min      0.130373   0.131379   0.133344   0.134611   0.133751   0.134355   0.232886   0.234040   0.226873   0.226992   0.226775   0.228567   0.233626   0.234699   0.233307   0.229208   0.231649   0.238219   0.233677   0.226231   0.235363   0.234495   0.234723   0.232232   0.226742   0.235886   0.234066   0.227369   0.236634   0.228930   0.237796   0.233859   0.233182   0.231912
max      0.143779   0.143750   0.242089   0.243999   0.241628   0.243981   0.342760   0.342872   0.345433   0.348573   0.343927   0.343215   0.446138   0.344883   0.444202   0.443653   0.445876   0.444371   0.444404   0.443582   0.540552   0.450363   0.534204   0.544245   0.542613   0.547411   0.544092   0.343877   0.344755   0.346260   0.344506   0.242764   0.248067   0.243776
median   0.139258   0.138978   0.140440   0.139959   0.237987   0.238473   0.239637   0.241032   0.240290   0.336498   0.338576   0.335262   0.335395   0.338735   0.338860   0.338660   0.335921   0.339808   0.339020   0.341442   0.339990   0.341631   0.341318   0.341339   0.341497   0.343055   0.341755   0.339213   0.339180   0.339416   0.284523   0.241199   0.241858   0.240923
---
('filename: ', 'single-light-patterns-runtime-tsfresh')
('testbed: ', 'vm')
('light data type:', 'single')
               10          20          30          40          50          60          70          80          90          100         110         120         130         140         150         160         170         180         190         200         210         220         230         240         250         260         270         280         290
count   499.000000  500.000000  500.000000  500.000000  500.000000  500.000000  500.000000  499.000000  500.000000  500.000000  500.000000  498.000000  500.000000  499.000000  500.000000  500.000000  499.000000  500.000000  500.000000  500.000000  500.000000  499.000000  486.000000  451.000000  430.000000  413.000000  371.000000  331.000000  279.000000
mean      0.241630    0.268616    0.302892    0.320957    0.329508    0.346253    0.376720    0.387875    0.405330    0.415928    0.427518    0.435624    0.436949    0.442274    0.445866    0.447884    0.453449    0.454608    0.458877    0.465347    0.469431    0.477503    0.482550    0.476436    0.470368    0.470538    0.455706    0.441190    0.405371
std       0.067729    0.095324    0.102014    0.091623    0.085679    0.092731    0.105911    0.114406    0.129054    0.135207    0.139725    0.142500    0.141132    0.141203    0.141458    0.140367    0.143454    0.144082    0.152743    0.151004    0.155107    0.161150    0.168648    0.170605    0.173828    0.175625    0.168627    0.163203    0.129472
min       0.130473    0.133404    0.133202    0.133670    0.134961    0.135285    0.144662    0.154656    0.234218    0.234214    0.234490    0.234895    0.233167    0.232953    0.234186    0.235012    0.231083    0.230441    0.234823    0.233453    0.237141    0.235497    0.233456    0.234563    0.234747    0.233298    0.233314    0.232772    0.234482
max       0.447720    0.486058    0.592948    0.564433    0.555634    0.580905    0.675179    0.722117    0.781411    0.758434    0.766299    0.824866    0.740656    0.819070    0.773437    0.825448    0.804296    0.786914    0.901130    0.898949    0.863209    0.900950    0.916098    0.923992    0.957255    0.891528    0.865141    0.911352    0.798701
median    0.232368    0.250989    0.322980    0.338647    0.340640    0.335488    0.343824    0.351614    0.418742    0.425182    0.428409    0.437106    0.435112    0.433866    0.436085    0.437276    0.437863    0.437867    0.438096    0.438760    0.438107    0.444652    0.435677    0.431505    0.419750    0.418809    0.410894    0.399295    0.395374
---
###################################
('testbed: ', 'bbb')
basic features
tsfresh features
runtime tsfresh
('filename: ', 'combined-light-patterns-only-runtime-tsfresh')
('testbed: ', 'bbb')
('light data type:', 'combined')
              10         20         30         40         50         60         70         80         90         100        110        120        130        140        150        160        170        180        190        200        210        220        230        240        250        260        270        280        290        300        310        320        330        340        350        360
count   10.000000  10.000000  10.000000  10.000000  10.000000  10.000000  10.000000  10.000000  10.000000  10.000000  10.000000  10.000000  10.000000  10.000000  10.000000  10.000000  10.000000  10.000000  10.000000  10.000000  10.000000  10.000000  10.000000  10.000000  10.000000  10.000000  10.000000  10.000000  10.000000  10.000000  10.000000  10.000000  10.000000  10.000000  10.000000  10.000000
mean     0.503727   0.728988   0.880571   1.010966   1.315158   1.416522   1.516265   1.719169   1.728562   1.725488   1.742908   1.773950   1.805827   1.787785   1.826709   1.828220   1.827985   1.844274   2.447822   2.341194   2.343043   2.343184   2.344091   2.354573   2.417384   2.438684   2.450270   2.450512   2.462215   2.554301   2.554689   2.553973   2.645824   2.658552   2.658559   2.679213
std      0.000483   0.041775   0.044478   0.001302   0.001482   0.002455   0.001497   0.001769   0.015717   0.014317   0.041912   0.053610   0.041567   0.051389   0.001168   0.001165   0.001174   0.031575   0.200830   0.001883   0.002102   0.001765   0.002348   0.031928   0.048522   0.032104   0.002428   0.002051   0.034931   0.002483   0.002116   0.001905   0.031902   0.003915   0.002286   0.042460
min      0.503159   0.706683   0.813752   1.008714   1.313136   1.413285   1.514507   1.716434   1.718989   1.719053   1.720661   1.722191   1.723908   1.724949   1.824474   1.827113   1.825484   1.832263   2.236202   2.338628   2.340294   2.340906   2.340896   2.343194   2.346092   2.347701   2.447896   2.448131   2.448351   2.549941   2.551828   2.550934   2.555091   2.655595   2.656015   2.656315
max      0.504581   0.809096   0.910144   1.013286   1.317829   1.422037   1.520246   1.721927   1.760272   1.766138   1.822387   1.827382   1.827422   1.829460   1.828310   1.831270   1.829259   1.934050   2.747145   2.344256   2.346878   2.346235   2.349228   2.445374   2.452417   2.456450   2.453766   2.454184   2.561421   2.558238   2.558117   2.556890   2.658157   2.668882   2.662076   2.760873
median   0.503602   0.710232   0.907519   1.010834   1.315156   1.416221   1.515923   1.718967   1.720967   1.721194   1.723830   1.773343   1.824989   1.825737   1.826974   1.828025   1.828308   1.833830   2.339669   2.340907   2.342988   2.342857   2.343725   2.344010   2.445575   2.447796   2.449008   2.450374   2.451607   2.554256   2.554111   2.554236   2.655581   2.657903   2.658409   2.658871
---
('filename: ', 'single-light-patterns-only-runtime-tsfresh')
('testbed: ', 'bbb')
('light data type:', 'single')
              10         20         30         40         50         60         70         80         90         100        110        120        130        140        150        160        170        180        190        200        210        220        230        240        250        260        270        280        290        300        310        320        330        340
count   50.000000  50.000000  50.000000  50.000000  50.000000  50.000000  50.000000  50.000000  50.000000  50.000000  50.000000  50.000000  50.000000  50.000000  50.000000  50.000000  50.000000  50.000000  50.000000  50.000000  50.000000  50.000000  50.000000  50.000000  50.000000  40.000000  40.000000  30.000000  30.000000  30.000000  20.000000  20.000000  10.000000  10.000000
mean     0.544334   0.742405   0.936186   1.134974   1.356721   2.119432   2.510256   3.250155   3.490333   3.849417   4.043092   4.102173   4.115933   4.175539   4.213971   4.399919   4.431252   4.460227   4.494410   4.518057   4.566123   4.563792   4.713047   4.687113   4.828909   4.030974   4.130375   3.475106   3.494980   3.589381   3.246563   3.249132   2.243568   2.243868
std      0.105523   0.176691   0.251435   0.299374   0.405853   1.279848   1.374003   1.927900   1.985182   2.064221   2.299232   2.291495   2.299352   2.326110   2.327346   2.196838   2.207885   2.206816   2.251825   2.234352   2.266553   2.252554   2.283981   2.234589   2.337933   1.867066   1.783405   0.991498   0.999905   1.043334   1.033080   1.032404   0.005610   0.001252
min      0.395242   0.498741   0.601218   0.701152   0.805488   0.806254   1.006210   1.107073   1.310871   1.310181   1.414196   1.516245   1.516120   1.517079   1.517975   1.618539   1.621449   1.622595   1.622006   1.725452   1.726357   1.726463   1.728302   1.729731   1.730649   1.730576   2.034934   2.134462   2.135348   2.137473   2.237805   2.240353   2.239049   2.242813
max      0.712088   1.059027   1.311908   1.517801   1.862485   4.740670   4.946940   5.844818   6.146856   6.751297   7.652033   7.655484   7.657521   7.757286   7.858856   7.861962   7.857795   7.863979   8.571218   8.485963   8.682094   8.576794   8.577850   8.171991   8.171951   6.865478   6.967255   4.459432   4.553166   4.561240   4.257674   4.261026   2.258740   2.246269
median   0.508049   0.705303   0.809164   1.011454   1.209878   1.562036   1.916149   2.220216   2.423763   3.327939   3.431449   3.431928   3.431856   3.434343   3.489453   3.437631   3.439525   3.539168   3.540141   3.542863   3.644100   3.643904   4.047649   4.048414   4.048385   3.751428   3.750909   3.849716   3.850495   4.152327   3.246139   3.248948   2.242174   2.243456
---
###################################
